# Column 1: Integer identifying grain
# Column 2-4: Average orientation (phi1, PHI, phi2) in degrees
# Column 5-6: Average Position (x, y) in microns
# Column 7: Average Image Quality (IQ)
# Column 8: Average Confidence Index (CI)
# Column 9: Edge grain (1) or interior grain (0)
# Column 10: Area of grain in square microns
     1   58.986   91.533   61.61   334.500     3.000 34496.3  0.009 0 1.800e+01 
     2  329.319  158.778  327.17   516.000     7.500 32088.0  0.006 0 1.800e+01 
     3   44.168  137.877   51.80    97.500     9.000 33383.1  0.021 0 1.800e+01 
     4  129.980   60.837  159.35   186.000    10.500 30150.4  0.021 0 1.800e+01 
     5  253.042   62.350  281.47   910.500    12.000 31689.6  0.055 0 1.800e+01 
     6  191.776   13.472   75.63  1084.475    25.042 62472.6  0.519 0 2.124e+03 
     7  183.423   28.766  148.32  1162.457    25.506 72806.2  0.621 1 2.169e+03 
     8   89.583   83.109   27.46   616.500    15.000 9938.6  0.009 0 1.800e+01 
     9   74.590  149.959   58.22   855.000    19.563 49757.4  0.105 0 4.320e+02 
    10  149.464   88.823  121.63   902.776    24.336 67548.3  0.376 0 9.630e+02 
    11   56.443  108.881   43.55   987.533    18.757 55862.5  0.325 0 9.630e+02 
    12  182.748   25.204  146.73     1.200    27.600 51139.7  0.326 1 9.000e+01 
    13    5.477   22.852  193.14   547.250    20.250 33151.8  0.088 0 1.080e+02 
    14  208.825  151.320  184.54   597.170    24.057 45095.9  0.314 0 4.770e+02 
    15  101.574  140.478   65.26   692.941    27.570 70371.5  0.341 0 2.745e+03 
    16  139.276  159.169  294.81   812.502    73.594 117072.4  0.826 0 1.545e+04 
    17   73.427  150.254  236.85   817.500    18.000 46101.9  0.143 0 3.600e+01 
    18   73.005   45.785  352.76  1021.100    26.500 87019.6  0.634 0 5.400e+02 
    19   11.255  140.405    9.12   361.600    21.800 35889.8  0.131 0 1.350e+02 
    20  190.490   34.651  136.71   401.460    34.043 73470.5  0.459 0 1.449e+03 

