33.446382 52.401949 47.257583 1.0
122.763102 50.425275 -78.694981 1.0
108.143657 164.728399 -86.731168 1.0
-9.945594 125.135594 3.692953 1.0
-86.107590 152.948939 114.063026 1.0
-99.603351 21.426592 31.861078 1.0
-119.168137 129.673990 -102.313453 1.0
-26.886962 174.446926 81.628061 1.0
138.273909 122.396450 54.570715 1.0
-106.104162 72.895910 -108.026806 1.0
115.517631 98.122000 64.670654 1.0
86.089373 26.488231 76.340041 1.0
126.963401 19.266313 84.723327 1.0
-103.733075 68.442635 -140.998066 1.0
-5.027558 123.748516 169.547054 1.0
-12.313821 87.552644 136.136967 1.0
19.851882 123.270321 38.180372 1.0
-24.508290 103.368653 -57.550144 1.0
113.456659 66.224362 99.775871 1.0
145.771940 62.320204 -21.356861 1.0
91.084600 178.680808 -63.708553 1.0
-37.194745 142.268904 -104.670084 1.0
-172.394805 45.806370 -32.691608 1.0
-176.160262 145.476737 9.764796 1.0
-18.465145 103.424530 120.178935 1.0
-135.220246 109.925215 27.369857 1.0
-26.358662 121.980739 -12.362119 1.0
-13.505483 179.449151 -59.036785 1.0
-127.991293 32.339038 90.058075 1.0
145.919963 127.363102 178.234779 1.0
148.754486 53.111040 -50.692716 1.0
65.693858 168.431573 49.531195 1.0
2.515699 44.071530 110.333737 1.0
96.708689 77.182082 163.489948 1.0
148.950652 48.439457 -122.478099 1.0
82.827275 170.307351 -152.405573 1.0
-178.188535 60.384410 69.206850 1.0
6.460655 63.511274 8.629406 1.0
-150.130025 127.212622 29.774528 1.0
-157.916871 104.395150 -16.182411 1.0
103.830880 91.362582 124.858241 1.0
50.755110 16.476699 149.707850 1.0
148.962239 17.605102 152.050158 1.0
-21.200315 96.071819 23.250012 1.0
-71.729869 146.381959 27.977734 1.0
71.140025 7.646134 -53.944076 1.0
-14.065564 175.874733 -172.295847 1.0
-19.134363 87.682458 130.696259 1.0
-169.403600 75.997179 -34.144059 1.0
12.293311 149.266439 -167.068319 1.0
36.795699 87.638955 120.388114 1.0
-116.141066 51.204425 -38.349368 1.0
-142.286173 92.716791 -15.875124 1.0
-96.555178 38.655593 -44.644793 1.0
-178.147550 153.615269 29.770986 1.0
47.781251 69.381781 -153.462507 1.0
-66.243536 32.210047 -4.206458 1.0
39.243172 40.627488 -121.269145 1.0
37.850499 2.002981 -133.743468 1.0
175.666717 135.839079 -129.033550 1.0
141.039156 52.573894 3.354387 1.0
145.287829 137.963634 -98.280333 1.0
169.309348 168.035505 21.392825 1.0
-60.683532 94.918026 118.318717 1.0
34.408487 14.582844 -93.113736 1.0
-18.161373 19.469947 -110.198300 1.0
-141.141220 116.833484 95.059233 1.0
-48.199146 133.199991 -90.464614 1.0
93.661900 10.215442 130.568615 1.0
-7.395550 141.393068 44.176725 1.0
-167.523082 56.172919 178.545312 1.0
-41.498007 158.476303 59.910635 1.0
-72.429523 26.692570 49.426151 1.0
-154.349757 8.670277 156.469951 1.0
138.019104 128.794094 62.667329 1.0
154.350918 2.088151 -103.405821 1.0
-166.616827 79.551128 174.161842 1.0
-45.425651 35.159059 95.634877 1.0
-48.618204 35.421047 65.120964 1.0
-32.367675 3.967911 115.141279 1.0
43.788791 63.591599 -143.067704 1.0
-85.899074 83.213352 110.436519 1.0
-171.276137 94.219058 -54.455849 1.0
59.416723 16.076957 -104.058697 1.0
-164.929699 118.266514 -60.693040 1.0
-15.457320 91.226952 -12.837695 1.0
-92.002056 2.902801 3.379948 1.0
-96.667589 173.981572 117.494442 1.0
99.359363 138.154902 -117.376082 1.0
101.301441 179.889255 -9.809873 1.0
107.912100 86.219968 -111.897334 1.0
149.800791 96.606665 84.908650 1.0
-88.813017 155.262374 -170.180649 1.0
-92.818580 142.213192 -0.398882 1.0
61.677706 116.422193 65.870941 1.0
-174.491624 66.394325 -2.048252 1.0
-115.758517 179.032523 -10.528187 1.0
170.616854 2.412354 145.991885 1.0
38.200766 50.120980 -120.905638 1.0
175.189766 6.058526 98.469641 1.0
