#  time    R11   R22   R33   R12   R23   R31   R21   R32   R13   eul1   eul2   eul3   sig33 
# ==== Element 1 Integ point 1
5.8265928234e-01   9.9999660254e-01  9.9999898672e-01  9.9999684095e-01  -1.1142855510e-03  8.5187505465e-04  2.3565946613e-03  1.1162966257e-03  -8.5450382903e-04  -2.3575460073e-03  -7.0133201599e+01  1.4362542331e-01  7.0069297791e+01  1.0625453186e+02  
1.0811851883e+00   9.9998784065e-01  9.9999642372e-01  9.9998885393e-01  -2.1219099872e-03  1.6061990755e-03  4.4430545531e-03  2.1290702280e-03  -1.6156464117e-03  -4.4464785606e-03  -7.0138786316e+01  2.7087765932e-01  7.0017005920e+01  1.0624077606e+02  
1.5171130579e+00   9.9997580051e-01  9.9999290705e-01  9.9997770786e-01  -3.0040682759e-03  2.2659457754e-03  6.2704798765e-03  3.0183440540e-03  -2.2848381195e-03  -6.2773316167e-03  -7.0151794434e+01  3.8238254189e-01  6.9979263306e+01  1.0623081970e+02  
2.1128976633e+00   9.9995255470e-01  9.9998599291e-01  9.9995636940e-01  -4.2113200761e-03  3.1678350642e-03  8.7725222111e-03  4.2392946780e-03  -3.2049310394e-03  -8.7859863415e-03  -7.0172958374e+01  5.3512930870e-01  6.9930854797e+01  1.0621974945e+02  
2.6338718208e+00   9.9992579222e-01  9.9997806549e-01  9.9993181229e-01  -5.2685034461e-03  3.9566745982e-03  1.0964676738e-02  5.3122495301e-03  -4.0147397667e-03  -1.0985763744e-02  -7.0192817688e+01  6.6903334856e-01  6.9889686584e+01  1.0621446991e+02  
3.0525963250e+00   9.9989986420e-01  9.9997037649e-01  9.9990808964e-01  -6.1192321591e-03  4.5908247121e-03  1.2729508802e-02  6.1782393605e-03  -4.6691866592e-03  -1.2757979333e-02  -7.0209266663e+01  7.7688717842e-01  6.9856948853e+01  1.0621009064e+02  
3.6510318729e+00   9.9985605478e-01  9.9995732307e-01  9.9986785650e-01  -7.3366882280e-03  5.4973466322e-03  1.5256335959e-02  7.4215377681e-03  -5.6100850925e-03  -1.5297321603e-02  -7.0233253479e+01  9.3139064312e-01  6.9810432434e+01  1.0620836639e+02  
4.1073315567e+00   9.9981725216e-01  9.9994575977e-01  9.9983227253e-01  -8.2662729546e-03  6.1887293123e-03  1.7186669633e-02  8.3740409464e-03  -6.3319564797e-03  -1.7238762230e-02  -7.0251823425e+01  1.0494873524e+00  6.9775062561e+01  1.0621617126e+02  
4.5407032636e+00   9.9977594614e-01  9.9993348122e-01  9.9979436398e-01  -9.1502126306e-03  6.8455273286e-03  1.9023019820e-02  9.2823430896e-03  -7.0211649872e-03  -1.9086927176e-02  -7.0269622803e+01  1.1618877649e+00  6.9741508484e+01  1.0621977234e+02  
5.0006007859e+00   9.9972742796e-01  9.9991899729e-01  9.9974989891e-01  -1.0089354590e-02  7.5426618569e-03  2.0974915475e-02  1.0250125080e-02  -7.7563989908e-03  -2.1052720025e-02  -7.0288673401e+01  1.2814188004e+00  6.9705902100e+01  1.0622310638e+02  
5.6072880177e+00   9.9965602160e-01  9.9989765882e-01  9.9968439341e-01  -1.1330019683e-02  8.4625417367e-03  2.3554874584e-02  1.1532993987e-02  -8.7324222550e-03  -2.3653175682e-02  -7.0314002991e+01  1.4395045042e+00  6.9658905029e+01  1.0623868561e+02  
6.0558192941e+00   9.9959772825e-01  9.9988025427e-01  9.9963092804e-01  -1.2248565443e-02  9.1427946463e-03  2.5466013700e-02  1.2486003339e-02  -9.4585223123e-03  -2.5581063703e-02  -7.0332862854e+01  1.5566780567e+00  6.9624122620e+01  1.0624861908e+02  
6.5318042729e+00   9.9953067303e-01  9.9986016750e-01  9.9956947565e-01  -1.3224519789e-02  9.8648238927e-03  2.7497572824e-02  1.3501591049e-02  -1.0233269073e-02  -2.7631893754e-02  -7.0352996826e+01  1.6813001633e+00  6.9587165833e+01  1.0627248383e+02  
7.1093850272e+00   9.9944216013e-01  9.9983364344e-01  9.9948835373e-01  -1.4410519041e-02  1.0741213337e-02  2.9967727140e-02  1.4739950188e-02  -1.1179300025e-02  -3.0127525330e-02  -7.0377578735e+01  1.8329192400e+00  6.9542236328e+01  1.0628607941e+02  
7.5736061629e+00   9.9936532974e-01  9.9981057644e-01  9.9941790104e-01  -1.5365065075e-02  1.1445748620e-02  3.1956922263e-02  1.5739999712e-02  -1.1944349855e-02  -3.2138872892e-02  -7.0397453308e+01  1.9550913572e+00  6.9506065369e+01  1.0630541992e+02  
8.0409602160e+00   9.9928271770e-01  9.9978578091e-01  9.9934214354e-01  -1.6327263787e-02  1.2155186385e-02  3.3963073045e-02  1.6751110554e-02  -1.2718833052e-02  -3.4168854356e-02  -7.0417556763e+01  2.0783731937e+00  6.9469573975e+01  1.0633525085e+02  
8.6387450480e+00   9.9916934967e-01  9.9975174665e-01  9.9923825264e-01  -1.7559811473e-02  1.3062854297e-02  3.6534387618e-02  1.8050804734e-02  -1.3715784065e-02  -3.6772899330e-02  -7.0443412781e+01  2.2364869118e+00  6.9422798157e+01  1.0636215973e+02  
9.1192048823e+00   9.9907195568e-01  9.9972242117e-01  9.9914902449e-01  -1.8551886082e-02  1.3792535290e-02  3.8605269045e-02  1.9100604579e-02  -1.4522212557e-02  -3.8871936500e-02  -7.0464302063e+01  2.3639125824e+00  6.9385116577e+01  1.0639196014e+02  
9.6029072253e+00   9.9896818399e-01  9.9969118834e-01  9.9905389547e-01  -1.9551975653e-02  1.4527297579e-02  4.0694013238e-02  2.0162224770e-02  -1.5338772908e-02  -4.0990710258e-02  -7.0485435486e+01  2.4925141335e+00  6.9347099304e+01  1.0642366791e+02  
1.0062304673e+01   9.9886429310e-01  9.9965983629e-01  9.9895870686e-01  -2.0503066480e-02  1.5225299634e-02  4.2681489140e-02  2.1174954250e-02  -1.6118707135e-02  -4.3008282781e-02  -7.0505599976e+01  2.6149532795e+00  6.9310905457e+01  1.0646025085e+02  
1.0549820919e+01   9.9874830246e-01  9.9962484837e-01  9.9885237217e-01  -2.1513674408e-02  1.5966165811e-02  4.4794488698e-02  2.2254409268e-02  -1.6951076686e-02  -4.5154921710e-02  -7.0527099609e+01  2.7452042103e+00  6.9272415161e+01  1.0649172211e+02  
1.1040627296e+01   9.9862551689e-01  9.9958777428e-01  9.9873989820e-01  -2.2532477975e-02  1.6712188721e-02  4.6925839037e-02  2.3346129805e-02  -1.7793999985e-02  -4.7321915627e-02  -7.0548835754e+01  2.8766694069e+00  6.9233566284e+01  1.0653559875e+02  
1.1506771817e+01   9.9850326777e-01  9.9955075979e-01  9.9862784147e-01  -2.3501401767e-02  1.7420887947e-02  4.8953987658e-02  2.4387687445e-02  -1.8599212170e-02  -4.9385588616e-02  -7.0569580078e+01  3.0018475056e+00  6.9196586609e+01  1.0657460022e+02  
1.2001448111e+01   9.9836748838e-01  9.9950969219e-01  9.9850344658e-01  -2.4530988187e-02  1.8173104152e-02  5.1110360771e-02  2.5497982278e-02  -1.9458658993e-02  -5.1581453532e-02  -7.0591690063e+01  3.1350243092e+00  6.9157249451e+01  1.0662023926e+02  
1.2654014774e+01   9.9817872047e-01  9.9945247173e-01  9.9833047390e-01  -2.5891389698e-02  1.9165657461e-02  5.3961571306e-02  2.6970626786e-02  -2.0600317046e-02  -5.4487630725e-02  -7.0621017456e+01  3.3112504482e+00  6.9105194092e+01  1.0668860626e+02  
1.3136465274e+01   9.9803209305e-01  9.9940800667e-01  9.9819612503e-01  -2.6898771524e-02  1.9899649546e-02  5.6074377149e-02  2.8065256774e-02  -2.1450193599e-02  -5.6643188000e-02  -7.0642814636e+01  3.4419391155e+00  6.9066596985e+01  1.0673939514e+02  
1.3648445605e+01   9.9786978960e-01  9.9935871363e-01  9.9804747105e-01  -2.7969293296e-02  2.0678710192e-02  5.8321006596e-02  2.9232373461e-02  -2.2357534617e-02  -5.8937169611e-02  -7.0666053772e+01  3.5810012817e+00  6.9025520325e+01  1.0679692078e+02  
1.4136545816e+01   9.9770867825e-01  9.9930971861e-01  9.9789988995e-01  -2.8991352767e-02  2.1421601996e-02  6.0467284173e-02  3.0350400135e-02  -2.3227853701e-02  -6.1130519956e-02  -7.0688316345e+01  3.7139453888e+00  6.8986259460e+01  1.0685815430e+02  
1.4626081965e+01   9.9754065275e-01  9.9925863743e-01  9.9774599075e-01  -3.0017854646e-02  2.2166833282e-02  6.2624238431e-02  3.1476985663e-02  -2.4105962366e-02  -6.3336595893e-02  -7.0710739136e+01  3.8476440907e+00  6.8946777344e+01  1.0691854095e+02  
1.5145581642e+01   9.9735540152e-01  9.9920219183e-01  9.9757629633e-01  -3.1108736992e-02  2.2957822308e-02  6.4917974174e-02  3.2678313553e-02  -2.5043567643e-02  -6.5684564412e-02  -7.0734649658e+01  3.9899251461e+00  6.8904754639e+01  1.0698803711e+02  
1.5640850478e+01   9.9717193842e-01  9.9914628267e-01  9.9740827084e-01  -3.2150276005e-02  2.3712085560e-02  6.7109420896e-02  3.3829256892e-02  -2.5943038985e-02  -6.7929759622e-02  -7.0757553101e+01  4.1259617805e+00  6.8864585876e+01  1.0706424713e+02  
1.6137576341e+01   9.9698126316e-01  9.9908810854e-01  9.9723362923e-01  -3.3196385950e-02  2.4468723685e-02  6.9311931729e-02  3.4989152104e-02  -2.6850683615e-02  -7.0188209414e-02  -7.0780632019e+01  4.2627859116e+00  6.8824172974e+01  1.0713131714e+02  
1.6664705800e+01   9.9677145481e-01  9.9902403355e-01  9.9704146385e-01  -3.4308142960e-02  2.5271814317e-02  7.1654275060e-02  3.6226153374e-02  -2.7819957584e-02  -7.2592154145e-02  -7.0805244446e+01  4.4084095955e+00  6.8781166077e+01  1.0722731018e+02  
1.7139656206e+01   9.9657583237e-01  9.9896419048e-01  9.9686229229e-01  -3.5311371088e-02  2.5995589793e-02  7.3769405484e-02  3.7346232682e-02  -2.8698759153e-02  -7.4764788151e-02  -7.0827522278e+01  4.5400075912e+00  6.8742301941e+01  1.0728939819e+02  
1.7643677376e+01   9.9636125565e-01  9.9889856577e-01  9.9666583538e-01  -3.6377504468e-02  2.6763794944e-02  7.6018676162e-02  3.8540553302e-02  -2.9637005180e-02  -7.7077172697e-02  -7.0851272583e+01  4.6800575256e+00  6.8700942993e+01  1.0737619019e+02  
1.8178548674e+01   9.9612575769e-01  9.9882638454e-01  9.9645018578e-01  -3.7510607392e-02  2.7579167858e-02  7.8410975635e-02  3.9814453572e-02  -3.0639113858e-02  -7.9538829625e-02  -7.0876602173e+01  4.8291344643e+00  6.8656913757e+01  1.0746276855e+02  
1.8553196301e+01   9.9595594406e-01  9.9877434969e-01  9.9629467726e-01  -3.8305331022e-02  2.8150377795e-02  8.0089941621e-02  4.0710739791e-02  -3.1345009804e-02  -8.1267856061e-02  -7.0894424438e+01  4.9338350296e+00  6.8625984192e+01  1.0753895569e+02  
1.9083720693e+01   9.9570852518e-01  9.9869841337e-01  9.9606817961e-01  -3.9432261139e-02  2.8959408402e-02  8.2472272217e-02  4.1985686868e-02  -3.2350305468e-02  -8.3723179996e-02  -7.0919761658e+01  5.0825057030e+00  6.8582069397e+01  1.0763803101e+02  
1.9615805830e+01   9.9545222521e-01  9.9861967564e-01  9.9583345652e-01  -4.0564302355e-02  2.9770985246e-02  8.4867261350e-02  4.3271172792e-02  -3.3365301788e-02  -8.6193867028e-02  -7.0945312500e+01  5.2320952415e+00  6.8537879944e+01  1.0774224854e+02  
2.0180458834e+01   9.9517112970e-01  9.9853324890e-01  9.9557614326e-01  -4.1767586023e-02  3.0632393435e-02  8.7415017188e-02  4.4642809778e-02  -3.4449860454e-02  -8.8824741542e-02  -7.0972564697e+01  5.3913717270e+00  6.8490829468e+01  1.0786077881e+02  
2.0516262779e+01   9.9499952793e-01  9.9848043919e-01  9.9541896582e-01  -4.2484201491e-02  3.1144790351e-02  8.8933341205e-02  4.5462273061e-02  -3.5098563880e-02  -9.0393863618e-02  -7.0988845825e+01  5.4863629341e+00  6.8462760925e+01  1.0792976379e+02  
2.1045576268e+01   9.9472212791e-01  9.9839502573e-01  9.9516505003e-01  -4.3615236878e-02  3.1952578574e-02  9.1331288218e-02  4.6759586781e-02  -3.6126684397e-02  -9.2873968184e-02  -7.1014610291e+01  5.6364955902e+00  6.8418403625e+01  1.0803703308e+02  
2.1607287978e+01   9.9441856146e-01  9.9830138683e-01  9.9488711357e-01  -4.4817470014e-02  3.2809961587e-02  9.3882292509e-02  4.8143900931e-02  -3.7225298584e-02  -9.5514997840e-02  -7.1042106628e+01  5.7963609695e+00  6.8371162415e+01  1.0815834808e+02  
2.2000735820e+01   9.9420022964e-01  9.9823403358e-01  9.9468725920e-01  -4.5660778880e-02  3.3410593867e-02  9.5673017204e-02  4.9118224531e-02  -3.7999488413e-02  -9.7370520234e-02  -7.1061447144e+01  5.9086737633e+00  6.8337974548e+01  1.0827027893e+02  
2.2527292099e+01   9.9390053749e-01  9.9814146757e-01  9.9441289902e-01  -4.6791065484e-02  3.4214615822e-02  9.8074838519e-02  5.0428405404e-02  -3.9041772485e-02  -9.9861375988e-02  -7.1087455750e+01  6.0594372749e+00  6.8293418884e+01  1.0838265991e+02  
2.3086077835e+01   9.9357312918e-01  9.9804019928e-01  9.9411320686e-01  -4.7992523760e-02  3.5067986697e-02  1.0063008219e-01  5.1826506853e-02  -4.0155552328e-02  -1.0251399130e-01  -7.1115203857e+01  6.2199854851e+00  6.8245964050e+01  1.0852479553e+02  
2.3648634682e+01   9.9323368073e-01  9.9793511629e-01  9.9380248785e-01  -4.9204207957e-02  3.5927288234e-02  1.0320938379e-01  5.3242210299e-02  -4.1284974664e-02  -1.0519437492e-01  -7.1143302917e+01  6.3822097778e+00  6.8198005676e+01  1.0867082214e+02  
2.4001289627e+01   9.9301570654e-01  9.9786758423e-01  9.9360299110e-01  -4.9964904785e-02  3.6466069520e-02  1.0482987016e-01  5.4133933038e-02  -4.1997205466e-02  -1.0687980801e-01  -7.1160995483e+01  6.4842147827e+00  6.8167846680e+01  1.0875704193e+02  
2.4557164630e+01   9.9266415834e-01  9.9775856733e-01  9.9328118563e-01  -5.1165651530e-02  3.7315443158e-02  1.0738968849e-01  5.5546149611e-02  -4.3126475066e-02  -1.0954449326e-01  -7.1189002991e+01  6.6454839706e+00  6.8120170593e+01  1.0891298676e+02  
2.5147063631e+01   9.9228012562e-01  9.9763935804e-01  9.9292975664e-01  -5.2442196757e-02  3.8216963410e-02  1.1011367291e-01  5.7053793222e-02  -4.4333819300e-02  -1.1238314956e-01  -7.1218910217e+01  6.8172807693e+00  6.8069366455e+01  1.0906878662e+02  
2.5560255105e+01   9.9200439453e-01  9.9755370617e-01  9.9267739058e-01  -5.3337756544e-02  3.8848519325e-02  1.1202629656e-01  5.8115370572e-02  -4.5185033232e-02  -1.1437819153e-01  -7.1239959717e+01  6.9380211830e+00  6.8033653259e+01  1.0919430542e+02  
2.6211551267e+01   9.9155831337e-01  9.9741494656e-01  9.9226915836e-01  -5.4751791060e-02  3.9844173938e-02  1.1504893005e-01  5.9798110276e-02  -4.6536151320e-02  -1.1753430218e-01  -7.1273323059e+01  7.1290316582e+00  6.7977157593e+01  1.0938835144e+02  
2.6667748042e+01   9.9123746157e-01  9.9731504917e-01  9.9197554588e-01  -5.5743992329e-02  4.0541686118e-02  1.1717189103e-01  6.0983698815e-02  -4.7489441931e-02  -1.1975337565e-01  -7.1296821594e+01  7.2633333206e+00  6.7937423706e+01  1.0954417419e+02  
2.7070727598e+01   9.9094820023e-01  9.9722492695e-01  9.9171084166e-01  -5.6621745229e-02  4.1157957166e-02  1.1905137450e-01  6.2035884708e-02  -4.8336386681e-02  -1.2171958387e-01  -7.1317672729e+01  7.3823337555e+00  6.7902214050e+01  1.0965953827e+02  
2.7705927148e+01   9.9048095942e-01  9.9707919359e-01  9.9128329754e-01  -5.8007631451e-02  4.2129497975e-02  1.2202160060e-01  6.3703626394e-02  -4.9680594355e-02  -1.2483003736e-01  -7.1350723267e+01  7.5705919266e+00  6.7846504211e+01  1.0987717438e+02  
2.8150849140e+01   9.9014544487e-01  9.9697446823e-01  9.9097627401e-01  -5.8980092406e-02  4.2810123414e-02  1.2410780042e-01  6.4878605306e-02  -5.0628937781e-02  -1.2701703608e-01  -7.1374000549e+01  7.7029633522e+00  1.1219267273e+02  1.1000982666e+02  
2.8613745980e+01   9.8978906870e-01  9.9686306715e-01  9.9065017700e-01  -5.9993345290e-02  4.3518323451e-02  1.2628328800e-01  6.6107071936e-02  -5.1621586084e-02  -1.2929970026e-01  -7.1398338318e+01  7.8411293030e+00  1.1223356628e+02  1.1017266083e+02  
2.9095343853e+01   9.8941028118e-01  9.9674463272e-01  9.9030357599e-01  -6.1049181968e-02  4.4255234301e-02  1.2855215371e-01  6.7391745746e-02  -5.2660901099e-02  -1.3168257475e-01  -7.1423789978e+01  7.9853687286e+00  1.1227627563e+02  1.1034925079e+02  
2.9596398280e+01   9.8900741339e-01  9.9661850929e-01  9.8993498087e-01  -6.2149479985e-02  4.5022018254e-02  1.3091872633e-01  6.8735532463e-02  -5.3749393672e-02  -1.3417051733e-01  -7.1450401306e+01  8.1359758377e+00  1.1232086945e+02  1.1052754974e+02  
3.0117695306e+01   9.8857873678e-01  9.9648416042e-01  9.8954278231e-01  -6.3296198845e-02  4.5819889754e-02  1.3338750601e-01  7.0141486824e-02  -5.4889723659e-02  -1.3676857948e-01  -7.1478240967e+01  8.2932577133e+00  1.1236744690e+02  1.1072582245e+02  
3.0660052731e+01   9.8812228441e-01  9.9634099007e-01  9.8912513256e-01  -6.4491398633e-02  4.6650119126e-02  1.3596324623e-01  7.1612879634e-02  -5.6084737182e-02  -1.3948214054e-01  -7.1507369995e+01  8.4575443268e+00  1.1241610718e+02  1.1092736816e+02  
3.1224321397e+01   9.8763585091e-01  9.9618822336e-01  9.8868012428e-01  -6.5737217665e-02  4.7513999045e-02  1.3865093887e-01  7.3153160512e-02  -5.7337455451e-02  -1.4231686294e-01  -7.1537864685e+01  8.6291799545e+00  1.1246696472e+02  1.1117948914e+02  
3.1767181655e+01   9.8715662956e-01  9.9603760242e-01  9.8824167252e-01  -6.6938132048e-02  4.8345275223e-02  1.4124456048e-01  7.4644327164e-02  -5.8551926166e-02  -1.4505547285e-01  -7.1567375183e+01  8.7950124741e+00  1.1251610565e+02  1.1138015747e+02  
3.2023616623e+01   9.8692637682e-01  9.9596518278e-01  9.8803108931e-01  -6.7506216466e-02  4.8738002777e-02  1.4247243106e-01  7.5351923704e-02  -5.9128805995e-02  -1.4635305107e-01  -7.1581382751e+01  8.8735923767e+00  1.1253939056e+02  1.1150026703e+02  
3.2597833620e+01   9.8640179634e-01  9.9580007792e-01  9.8755115271e-01  -6.8780101836e-02  4.9617476761e-02  1.4522810280e-01  7.6943822205e-02  -6.0427993536e-02  -1.4926770329e-01  -7.1612884521e+01  9.0501127243e+00  1.1259172058e+02  1.1173625183e+02  
3.3194577428e+01   9.8584312201e-01  9.9562400579e-01  9.8704010248e-01  -7.0106685162e-02  5.0531581044e-02  1.4810115099e-01  7.8609243035e-02  -6.1789203435e-02  -1.5231026709e-01  2.5164584351e+02  9.2344017029e+00  1.1264636230e+02  1.1200294495e+02  
3.3526917146e+01   9.8552596569e-01  9.9552398920e-01  9.8675000668e-01  -7.0846669376e-02  5.1040690392e-02  1.4970529079e-01  7.9541653395e-02  -6.2552191317e-02  -1.5401071310e-01  2.5166429138e+02  9.3374090195e+00  1.1267690277e+02  1.1216757965e+02  
3.4160109351e+01   9.8490965366e-01  9.9532938004e-01  9.8618620634e-01  -7.2259046137e-02  5.2010856569e-02  1.5277013183e-01  8.1328198314e-02  -6.4015902579e-02  -1.5726289153e-01  2.5169963074e+02  9.5344400406e+00  1.1273535156e+02  1.1244170380e+02  
3.4512394469e+01   9.8455983400e-01  9.9521887302e-01  9.8586624861e-01  -7.3046185076e-02  5.2550651133e-02  1.5447998047e-01  8.2327812910e-02  -6.4835898578e-02  -1.5907917917e-01  2.5171940613e+02  9.6444921494e+00  1.1276799774e+02  1.1261865997e+02  
3.5366333595e+01   9.8369115591e-01  9.9494403601e-01  9.8507165909e-01  -7.4958167970e-02  5.3859129548e-02  1.5863856673e-01  8.4767743945e-02  -6.6840477288e-02  -1.6350241005e-01  2.5176766968e+02  9.9125480652e+00  1.1284754944e+02  1.1304061890e+02  
3.5866333595e+01   9.8316860199e-01  9.9477851391e-01  9.8459374905e-01  -7.6080329716e-02  5.4625298828e-02  1.6108286381e-01  8.6207665503e-02  -6.8025499582e-02  -1.6610608995e-01  2.5179614258e+02  1.0070366859e+01  1.1289439392e+02  1.1327965546e+02  
3.6366333595e+01   9.8263567686e-01  9.9460953474e-01  9.8410630226e-01  -7.7204577625e-02  5.5391557515e-02  1.6353437304e-01  8.7656185031e-02  -6.9219104946e-02  -1.6872033477e-01  2.5182478333e+02  1.0228853226e+01  1.1294145203e+02  1.1356599426e+02  
3.6866333595e+01   9.8209214211e-01  9.9443703890e-01  9.8360919952e-01  -7.8330971301e-02  5.6157927960e-02  1.6599330306e-01  8.9113451540e-02  -7.0421442389e-02  -1.7134539783e-01  2.5185360718e+02  1.0388020515e+01  1.1298872375e+02  1.1383572388e+02  
3.7299346296e+01   9.8161274195e-01  9.9428480864e-01  9.8317068815e-01  -7.9308331013e-02  5.6821793318e-02  1.6812914610e-01  9.0382806957e-02  -7.1469970047e-02  -1.7362789810e-01  2.5187870789e+02  1.0526440620e+01  1.1302984619e+02  1.1408206940e+02  
3.7515960729e+01   9.8136961460e-01  9.9420750141e-01  9.8294836283e-01  -7.9798333347e-02  5.7154212147e-02  1.6920067370e-01  9.1020919383e-02  -7.1997486055e-02  -1.7477385700e-01  2.5189132690e+02  1.0595944405e+01  1.1305049896e+02  1.1417572021e+02  
3.8078665237e+01   9.8072856665e-01  9.9400365353e-01  9.8236209154e-01  -8.1072926521e-02  5.8017678559e-02  1.7199043930e-01  9.2686206102e-02  -7.3375500739e-02  -1.7776001990e-01  2.5192424011e+02  1.0777084351e+01  1.1310433197e+02  1.1449060822e+02  
3.8646897244e+01   9.8006713390e-01  9.9379301071e-01  9.8175722361e-01  -8.2362614572e-02  5.8889564127e-02  1.7481693625e-01  9.4379246235e-02  -7.4778489769e-02  -1.8078939617e-01  2.5195771790e+02  1.0960887909e+01  1.1315896606e+02  1.1482700348e+02  
3.9191800516e+01   9.7941929102e-01  9.9358654022e-01  9.8116475344e-01  -8.3601869643e-02  5.9725623578e-02  1.7753648758e-01  9.6013791859e-02  -7.6134920120e-02  -1.8370786309e-01  2.5199003601e+02  1.1138003349e+01  1.1321163940e+02  1.1515531158e+02  
3.9636448576e+01   9.7888052464e-01  9.9341464043e-01  9.8067206144e-01  -8.4615230560e-02  6.0408018529e-02  1.7976294458e-01  9.7356043756e-02  -7.7250182629e-02  -1.8609990180e-01  2.5201657104e+02  1.1283202171e+01  1.1325482178e+02  1.1542198944e+02  
4.0183386839e+01   9.7820520401e-01  9.9319899082e-01  9.8005449772e-01  -8.5864305496e-02  6.1247557402e-02  1.8251058459e-01  9.9017590284e-02  -7.8632481396e-02  -1.8905532360e-01  2.5204942322e+02  1.1462638855e+01  1.1330821228e+02  1.1577259827e+02  
4.0566486703e+01   9.7772383690e-01  9.9304515123e-01  9.7961431742e-01  -8.6740851402e-02  6.1835657805e-02  1.8444095552e-01  1.0018828511e-01  -7.9607576132e-02  -1.9113393128e-01  2.5207257080e+02  1.1588868141e+01  1.1334577942e+02  1.1603061676e+02  
4.1027087653e+01   9.7713571787e-01  9.9285703897e-01  9.7907656431e-01  -8.7796650827e-02  6.2542863190e-02  1.8676851690e-01  1.0160358250e-01  -8.0787666142e-02  -1.9364275038e-01  2.5210054016e+02  1.1741254807e+01  1.1339113617e+02  1.1632231140e+02  
4.1649229038e+01   9.7632515430e-01  9.9259752035e-01  9.7833532095e-01  -8.9225932956e-02  6.3498206437e-02  1.8992373347e-01  1.0352865607e-01  -8.2395017147e-02  -1.9704806805e-01  2.5213861084e+02  1.1948152542e+01  1.1345275116e+02  1.1674387360e+02  
4.2149265055e+01   9.7565990686e-01  9.9238425493e-01  9.7772705555e-01  -9.0377375484e-02  6.4266122878e-02  1.9246925414e-01  1.0508722812e-01  -8.3698205650e-02  -1.9979907572e-01  2.5216941833e+02  1.2115346909e+01  1.1350255585e+02  1.1708982086e+02  
4.2652675697e+01   9.7497761250e-01  9.9216538668e-01  9.7710317373e-01  -9.1539047658e-02  6.5039291978e-02  1.9504073262e-01  1.0666669160e-01  -8.5020557046e-02  -2.0258152485e-01  2.5220063782e+02  1.2284498215e+01  1.1355295563e+02  1.1746545410e+02  
4.3106255143e+01   9.7435182333e-01  9.9196439981e-01  9.7653102875e-01  -9.2587925494e-02  6.5736033022e-02  1.9736544788e-01  1.0809891671e-01  -8.6221098900e-02  -2.0509989560e-01  2.5222895813e+02  1.2437638283e+01  1.1359860229e+02  1.1779947662e+02  
4.3537043298e+01   9.7374773026e-01  9.9177026749e-01  9.7597861290e-01  -9.3586042523e-02  6.6397838295e-02  1.9958025217e-01  1.0946729034e-01  -8.7369412184e-02  -2.0750184357e-01  2.5225601196e+02  1.2583736420e+01  1.1364215851e+02  1.1809792328e+02  
4.4059780272e+01   9.7300171852e-01  9.9153023958e-01  9.7529649734e-01  -9.4799749553e-02  6.7200995982e-02  2.0227690041e-01  1.1113846302e-01  -8.8773526251e-02  -2.1042983234e-01  2.5228906250e+02  1.2761882782e+01  1.1369528961e+02  1.1849965668e+02  
4.4582054608e+01   9.7224187851e-01  9.9128562212e-01  9.7460186481e-01  -9.6015185118e-02  6.8003512919e-02  2.0498126745e-01  1.1282005906e-01  -9.0188287199e-02  -2.1337002516e-01  2.5232231140e+02  1.2940833092e+01  1.1374868011e+02  1.1891648865e+02  
4.5062042003e+01   9.7153067589e-01  9.9105638266e-01  9.7395157814e-01  -9.7134761512e-02  6.8741157651e-02  2.0747579634e-01  1.1437620223e-01  -9.1499187052e-02  -2.1608553827e-01  2.5235308838e+02  1.3106161118e+01  1.1379802704e+02  1.1929351807e+02  
4.5539952094e+01   9.7081005573e-01  9.9082392454e-01  9.7329276800e-01  -9.8251901567e-02  6.9475658238e-02  2.0996825397e-01  1.1593591422e-01  -9.2814691365e-02  -2.1880210936e-01  2.5238392639e+02  1.3271609306e+01  1.1384741974e+02  1.1969506836e+02  
4.6017439220e+01   9.7007745504e-01  9.9058735371e-01  9.7262293100e-01  -9.9370516837e-02  7.0209585130e-02  2.1246738732e-01  1.1750469357e-01  -9.4139471650e-02  -2.2152931988e-01  2.5241496277e+02  1.3437760353e+01  1.1389704132e+02  1.2009135437e+02  
4.6544379377e+01   9.6925401688e-01  9.9032121897e-01  9.7187012434e-01  -1.0060788691e-01  7.1019612253e-02  2.1523585916e-01  1.1924829334e-01  -9.5613770187e-02  -2.2455440462e-01  2.5244944763e+02  1.3622126579e+01  1.1395212555e+02  1.2055523682e+02  
4.7055505283e+01   9.6844011545e-01  9.9005788565e-01  9.7112601995e-01  -1.0181105882e-01  7.1805402637e-02  2.1793191135e-01  1.2095211446e-01  -9.7056366503e-02  -2.2750438750e-01  2.5248315430e+02  1.3801984787e+01  1.1400588226e+02  1.2101471710e+02  
4.7565486296e+01   9.6761286259e-01  9.8978996277e-01  9.7036969662e-01  -1.0301443934e-01  7.2589494288e-02  2.2063256800e-01  1.2266463786e-01  -9.8508231342e-02  -2.3046337068e-01  2.5251702881e+02  1.3982463837e+01  1.1405985260e+02  1.2150664520e+02  
4.8007320724e+01   9.6688365936e-01  9.8955357075e-01  9.6970307827e-01  -1.0405943543e-01  7.3268868029e-02  2.2298111022e-01  1.2415862828e-01  -9.9776379764e-02  -2.3303985596e-01  2.5254660034e+02  1.4139672279e+01  1.1410687256e+02  1.2189058685e+02  
4.8571792645e+01   9.6593499184e-01  9.8924577236e-01  9.6883577108e-01  -1.0539777577e-01  7.4136890471e-02  2.2599358857e-01  1.2608146667e-01  -1.0141067207e-01  -2.3634921014e-01  2.5258465576e+02  1.4341683388e+01  1.1416732788e+02  1.2243372345e+02  
4.9065827809e+01   9.6508860588e-01  9.8897087574e-01  9.6806204319e-01  -1.0657218844e-01  7.4896663427e-02  2.2864145041e-01  1.2777763605e-01  -1.0285427421e-01  -2.3926220834e-01  2.5261822510e+02  1.4519577980e+01  1.1422058105e+02  1.2289267731e+02  
4.9514225027e+01   9.6430724859e-01  9.8871690035e-01  9.6734780073e-01  -1.0764051229e-01  7.5586058199e-02  2.3105373979e-01  1.2932780385e-01  -1.0417509824e-01  -2.4191947281e-01  2.5264894104e+02  1.4681921005e+01  1.1426916504e+02  1.2333533478e+02  
5.0011167424e+01   9.6342861652e-01  9.8843145370e-01  9.6654486656e-01  -1.0882414132e-01  7.6344162226e-02  2.3373170197e-01  1.3105258346e-01  -1.0564333946e-01  -2.4487259984e-01  2.5268403625e+02  1.4862342834e+01  1.1432228088e+02  1.2381967926e+02  
5.0507932494e+01   9.6255576611e-01  9.8815220594e-01  9.6575003862e-01  -1.0998001695e-01  7.7045984566e-02  2.3636247218e-01  1.3273704052e-01  -1.0704951733e-01  -2.4777154624e-01  2.5272662354e+02  1.5038860321e+01  1.1436596680e+02  1.2430516815e+02  
5.1002137672e+01   9.6177566051e-01  9.8792451620e-01  9.6505331993e-01  -1.1098839343e-01  7.7478088439e-02  2.3871602118e-01  1.3417254388e-01  -1.0810504109e-01  -2.5033813715e-01  2.5280302429e+02  1.5191944122e+01  1.1436389160e+02  1.2468263245e+02  
5.1501778001e+01   9.6119034290e-01  9.8780530691e-01  9.6456259489e-01  -1.1171314865e-01  7.7367223799e-02  2.4053731561e-01  1.3511082530e-01  -1.0844720900e-01  -2.5225642323e-01  2.5294918823e+02  1.5298875809e+01  1.1426842499e+02  1.2489707184e+02  
5.2002500515e+01   9.6078360081e-01  9.8778283596e-01  9.6425867081e-01  -1.1218631268e-01  7.6785854995e-02  2.4187991023e-01  1.3560600579e-01  -1.0816324502e-01  -2.5359240174e-01  2.5315408325e+02  1.5364730835e+01  1.1409311676e+02  1.2501819611e+02  
5.2503874137e+01   9.6047222614e-01  9.8781144619e-01  9.6405392885e-01  -1.1252677441e-01  7.5954839587e-02  2.4296867847e-01  1.3586524129e-01  -1.0754639655e-01  -2.5461906195e-01  2.5338975525e+02  1.5408945084e+01  1.1387584686e+02  1.2512752533e+02  
5.3065788688e+01   9.6017158031e-01  9.8786890507e-01  9.6387404203e-01  -1.1284136027e-01  7.4896603823e-02  2.4405947328e-01  1.3603498042e-01  -1.0668572783e-01  -2.5561177731e-01  2.5366893005e+02  1.5447693825e+01  1.1361157990e+02  1.2523831940e+02  
5.3540300814e+01   9.5993942022e-01  9.8792845011e-01  9.6374386549e-01  -1.1307701468e-01  7.3944933712e-02  2.4492205679e-01  1.3612304628e-01  -1.0588167608e-01  -2.5637841225e-01  2.5391133118e+02  1.5475664139e+01  1.1337919617e+02  1.2533103943e+02  
5.4102383316e+01   9.5966780186e-01  9.8800033331e-01  9.6359229088e-01  -1.1335118860e-01  7.2805568576e-02  2.4593292177e-01  1.3621577621e-01  -1.0491376370e-01  -2.5727272034e-01  2.5419902039e+02  1.5508180618e+01  1.1310285187e+02  1.2545005035e+02  
5.4536092583e+01   9.5945763588e-01  9.8805510998e-01  9.6347409487e-01  -1.1356315762e-01  7.1924909949e-02  2.4671274424e-01  1.3628591597e-01  -1.0416550189e-01  -2.5796207786e-01  2.5442048645e+02  1.5533483505e+01  1.1289013672e+02  1.2553460693e+02  
5.5155944156e+01   9.5915657282e-01  9.8813265562e-01  9.6330350637e-01  -1.1386661232e-01  7.0663720369e-02  2.4782671034e-01  1.3638377190e-01  -1.0309360176e-01  -2.5894594193e-01  2.5473620605e+02  1.5569945335e+01  1.1258685303e+02  1.2566954041e+02  
5.5517515603e+01   9.5898079872e-01  9.8817747831e-01  9.6320319176e-01  -1.1404366791e-01  6.9926127791e-02  2.4847581983e-01  1.3643914461e-01  -1.0246631503e-01  -2.5951862335e-01  2.5492004395e+02  1.5591338158e+01  1.1241024017e+02  1.2574436188e+02  
5.6047230958e+01   9.5874148607e-01  9.8825186491e-01  9.6307414770e-01  -1.1427833140e-01  6.8797044456e-02  2.4937823415e-01  1.3647425175e-01  -1.0148259252e-01  -2.6029825211e-01  2.5519520569e+02  1.5618830681e+01  1.1214349365e+02  1.2584489441e+02  
5.6500495699e+01   9.5853853226e-01  9.8831588030e-01  9.6296465397e-01  -1.1447659880e-01  6.7824050784e-02  2.5014448166e-01  1.3649764657e-01  -1.0063209385e-01  -2.6095780730e-01  2.5543092346e+02  1.5642112732e+01  1.1191471863e+02  1.2594868469e+02  
5.7037345851e+01   9.5827341080e-01  9.8837906122e-01  9.6280908585e-01  -1.1474395543e-01  6.6728718579e-02  2.5111359358e-01  1.3657997549e-01  -9.9702738225e-02  -2.6181280613e-01  2.5570133972e+02  1.5675136566e+01  1.1165517426e+02  1.2606365204e+02  
5.7589900226e+01   9.5799970627e-01  9.8844319582e-01  9.6264719963e-01  -1.1501976848e-01  6.5599508584e-02  2.5211080909e-01  1.3666285574e-01  -9.8744533956e-02  -2.6269191504e-01  2.5597883606e+02  1.5709425926e+01  1.1138884735e+02  1.2618100739e+02  
5.8085803699e+01   9.5775336027e-01  9.8849999905e-01  9.6250039339e-01  -1.1526790261e-01  6.4584359527e-02  2.5300568342e-01  1.3673564792e-01  -9.7883023322e-02  -2.6348021626e-01  2.5622720337e+02  1.5740462303e+01  1.1115048981e+02  1.2628290558e+02  
5.8558576920e+01   9.5751798153e-01  9.8855346441e-01  9.6235918999e-01  -1.1550484598e-01  6.3614748418e-02  2.5385853648e-01  1.3680338860e-01  -9.7059942782e-02  -2.6423087716e-01  2.5646340942e+02  1.5770261765e+01  1.1092378998e+02  1.2639383698e+02  
5.9041136774e+01   9.5727747679e-01  9.8860758543e-01  9.6221405268e-01  -1.1574675888e-01  6.2622494996e-02  2.5472813845e-01  1.3687025011e-01  -9.6217088401e-02  -2.6499542594e-01  2.5670404053e+02  1.5800832748e+01  1.1069278717e+02  1.2649054718e+02  
5.9523429047e+01   9.5703792572e-01  9.8866170645e-01  9.6206909418e-01  -1.1598708481e-01  6.1625391245e-02  2.5559335947e-01  1.3693208992e-01  -9.5368131995e-02  -2.6575434208e-01  2.5694451904e+02  1.5831301689e+01  1.1046177673e+02  1.2659786987e+02  
6.0019465796e+01   9.5679283142e-01  9.8871743679e-01  9.6192038059e-01  -1.1623243243e-01  6.0593824834e-02  2.5647857785e-01  1.3698998094e-01  -9.4487495720e-02  -2.6652869582e-01  2.5719183350e+02  1.5862503052e+01  1.1022395325e+02  1.2671221924e+02  
6.0516480657e+01   9.5654749870e-01  9.8877292871e-01  9.6177083254e-01  -1.1647760868e-01  5.9556305408e-02  2.5736311078e-01  1.3704429567e-01  -9.3600526452e-02  -2.6730111241e-01  2.5743933105e+02  1.5893820763e+01  1.0998584747e+02  1.2681509399e+02  
6.1065225223e+01   9.5627659559e-01  9.8883366585e-01  9.6160471439e-01  -1.1674804240e-01  5.8407153934e-02  2.5833782554e-01  1.3710084558e-01  -9.2617124319e-02  -2.6815101504e-01  2.5771206665e+02  1.5928542137e+01  1.0972335052e+02  1.2694029236e+02  
6.1545065984e+01   9.5603942871e-01  9.8888611794e-01  9.6145832539e-01  -1.1698459089e-01  5.7399716228e-02  2.5918912888e-01  1.3714788854e-01  -9.1754429042e-02  -2.6889246702e-01  2.5795010376e+02  1.5959075928e+01  1.0949425507e+02  1.2704256439e+02  
6.2064461055e+01   9.5578229427e-01  9.8894214630e-01  9.6129846573e-01  -1.1724098772e-01  5.6307002902e-02  2.6011005044e-01  1.3719671965e-01  -9.0818338096e-02  -2.6969379187e-01  2.5820712280e+02  1.5992349625e+01  1.0924682617e+02  1.2716809082e+02  
6.2626670984e+01   9.5550322533e-01  9.8900187016e-01  9.6112364531e-01  -1.1751915514e-01  5.5122036487e-02  2.6110669971e-01  1.3724756241e-01  -8.9803017676e-02  -2.7056023479e-01  2.5848455811e+02  1.6028665543e+01  1.0897974396e+02  1.2729936218e+02  
6.3078538068e+01   9.5527821779e-01  9.8904907703e-01  9.6098172665e-01  -1.1774335057e-01  5.4168235511e-02  2.6190784574e-01  1.3728715479e-01  -8.8985741138e-02  -2.7125629783e-01  2.5870693970e+02  1.6058099747e+01  1.0876569366e+02  1.2739082336e+02  
6.3558063033e+01   9.5503878593e-01  9.8909837008e-01  9.6082949638e-01  -1.1798198521e-01  5.3154896945e-02  2.6275831461e-01  1.3732808828e-01  -8.8117517531e-02  -2.7199482918e-01  2.5894226074e+02  1.6089590073e+01  1.0853917694e+02  1.2749930573e+02  
6.4066938762e+01   9.5478373766e-01  9.8914974928e-01  9.6066623926e-01  -1.1823610961e-01  5.2078381181e-02  2.6366141438e-01  1.3737046719e-01  -8.7195321918e-02  -2.7277866006e-01  2.5919128418e+02  1.6123310089e+01  1.0829953766e+02  1.2761631012e+02  
6.4606961757e+01   9.5451205969e-01  9.8920315504e-01  9.6049094200e-01  -1.1850687861e-01  5.0934821367e-02  2.6462051272e-01  1.3741439581e-01  -8.6215957999e-02  -2.7361077070e-01  2.5945465088e+02  1.6159446716e+01  1.0804611969e+02  1.2774057770e+02  
6.5180038479e+01   9.5422244072e-01  9.8925864697e-01  9.6030247211e-01  -1.1879552156e-01  4.9720119685e-02  2.6563930511e-01  1.3745996356e-01  -8.5176028311e-02  -2.7449429035e-01  -7.9733131409e+01  1.6198198318e+01  1.0777821350e+02  1.2789245605e+02  
6.5581446882e+01   9.5401883125e-01  9.8929673433e-01  9.6016895771e-01  -1.1899853498e-01  4.8868626356e-02  2.6635360718e-01  1.3749130070e-01  -8.4447301924e-02  -2.7511352301e-01  -7.9927566528e+01  1.6225597382e+01  1.0759119415e+02  1.2798439789e+02  
6.6214169890e+01   9.5369642973e-01  9.8935544491e-01  9.5995599031e-01  -1.1931998283e-01  4.7525435686e-02  2.6748076081e-01  1.3753977418e-01  -8.3298243582e-02  -2.7609035373e-01  -8.0232978821e+01  1.6269212723e+01  1.0729751587e+02  1.2812528992e+02  
6.6657357202e+01   9.5346957445e-01  9.8939555883e-01  9.5980489254e-01  -1.1954621226e-01  4.6583902091e-02  2.6827117801e-01  1.3757309318e-01  -8.2493148744e-02  -2.7677515149e-01  -8.0446113586e+01  1.6300079346e+01  1.0709261322e+02  1.2822679138e+02  
6.7118449281e+01   9.5323264599e-01  9.8943650723e-01  9.5964610577e-01  -1.1978254467e-01  4.5603744686e-02  2.6909440756e-01  1.3760724664e-01  -8.1655360758e-02  -2.7748820186e-01  -8.0667160034e+01  1.6332469940e+01  1.0688015747e+02  1.2833622742e+02  
6.7561602785e+01   9.5300400257e-01  9.8947495222e-01  9.5949178934e-01  -1.2001063675e-01  4.4661197811e-02  2.6988649368e-01  1.3763962686e-01  -8.0850079656e-02  -2.7817410231e-01  -8.0878929138e+01  1.6363872528e+01  1.0667667389e+02  1.2846232605e+02  
6.8138370360e+01   9.5270496607e-01  9.8952382803e-01  9.5928853750e-01  -1.2030904740e-01  4.3433830142e-02  2.7091902494e-01  1.3768130541e-01  -7.9802080989e-02  -2.7906808257e-01  -8.1153526306e+01  1.6405158997e+01  1.0641290283e+02  1.2860864258e+02  
6.8629512353e+01   9.5244890451e-01  9.8956423998e-01  9.5911312103e-01  -1.2056466192e-01  4.2388331145e-02  2.7179992199e-01  1.3771660626e-01  -7.8910052776e-02  -2.7983072400e-01  -8.1386405945e+01  1.6440708160e+01  1.0618928528e+02  1.2870997620e+02  
6.9150716165e+01   9.5217579603e-01  9.8960596323e-01  9.5892465115e-01  -1.2083742768e-01  4.1278623044e-02  2.7273640037e-01  1.3775390387e-01  -7.7963955700e-02  -2.8064140677e-01  -8.1632545471e+01  1.6478822708e+01  1.0595302582e+02  1.2884112549e+02  
6.9515790476e+01   9.5198363066e-01  9.8963445425e-01  9.5879119635e-01  -1.2102939934e-01  4.0501162410e-02  2.7339330316e-01  1.3777989149e-01  -7.7301532030e-02  -2.8121003509e-01  -8.1804359436e+01  1.6505754471e+01  1.0578816986e+02  1.2893571472e+02  
7.0032758458e+01   9.5171022415e-01  9.8967379332e-01  9.5860016346e-01  -1.2130258232e-01  3.9400029927e-02  2.7432507277e-01  1.3781657815e-01  -7.6363965869e-02  -2.8201654553e-01  -8.2046783447e+01  1.6544233322e+01  1.0555562592e+02  1.2905880737e+02  
7.0551247303e+01   9.5143455267e-01  9.8971205950e-01  9.5840615034e-01  -1.2157816440e-01  3.8295511156e-02  2.7526134253e-01  1.3785329461e-01  -7.5424298644e-02  -2.8282696009e-01  -8.2288894653e+01  1.6583227158e+01  1.0532349396e+02  1.2921449280e+02  
7.1018412404e+01   9.5118474960e-01  9.8974543810e-01  9.5822918415e-01  -1.2182791531e-01  3.7300206721e-02  2.7610662580e-01  1.3788637519e-01  -7.4578255415e-02  -2.8355860710e-01  -8.2506156921e+01  1.6618715286e+01  1.0511527252e+02  1.2930601501e+02  
7.1514171748e+01   9.5091837645e-01  9.8977982998e-01  9.5803922415e-01  -1.2209439278e-01  3.6243900657e-02  2.7700528502e-01  1.3792143762e-01  -7.3681078851e-02  -2.8433644772e-01  -8.2735771179e+01  1.6656730652e+01  1.0489530182e+02  1.2943095398e+02  
7.2040275529e+01   9.5063418150e-01  9.8981505632e-01  9.5783519745e-01  -1.2237872928e-01  3.5122670233e-02  2.7796062827e-01  1.3795843720e-01  -7.2729490697e-02  -2.8516325355e-01  -8.2978424072e+01  1.6697462082e+01  1.0466294098e+02  1.2956367493e+02  
7.2598581070e+01   9.5033103228e-01  9.8985117674e-01  9.5761609077e-01  -1.2268214673e-01  3.3932372928e-02  2.7897617221e-01  1.3799734414e-01  -7.1720026433e-02  -2.8604203463e-01  -8.3234779358e+01  1.6741107941e+01  1.0441755676e+02  1.2972305298e+02  
7.3101621526e+01   9.5005643368e-01  9.8988252878e-01  9.5741623640e-01  -1.2295702845e-01  3.2859444618e-02  2.7989280224e-01  1.3803207874e-01  -7.0810772479e-02  -2.8683513403e-01  -8.3464759827e+01  1.6780811310e+01  1.0419750214e+02  1.2984625244e+02  
7.3635452082e+01   9.4976353645e-01  9.8991459608e-01  9.5720177889e-01  -1.2325023115e-01  3.1720343977e-02  2.8086704016e-01  1.3806852698e-01  -6.9846093655e-02  -2.8767791390e-01  -8.3707794189e+01  1.6823322296e+01  1.0396505737e+02  1.2998460388e+02  
7.4009370726e+01   9.4955754280e-01  9.8993635178e-01  9.5705008507e-01  -1.2345647812e-01  3.0922068283e-02  2.8155028820e-01  1.3809370995e-01  -6.9170400500e-02  -2.8826886415e-01  -8.3877395630e+01  1.6853321075e+01  1.0380287933e+02  1.3007557678e+02  
7.4598762795e+01   9.4923150539e-01  9.8996943235e-01  9.5680868626e-01  -1.2378296256e-01  2.9662989080e-02  2.8262850642e-01  1.3813270628e-01  -6.8105183542e-02  -2.8920114040e-01  -8.4143722534e+01  1.6900970459e+01  1.0354830933e+02  1.3023780823e+02  
7.5011599192e+01   9.4900220633e-01  9.8999172449e-01  9.5663785934e-01  -1.2401263416e-01  2.8780404478e-02  2.8338459134e-01  1.3815945387e-01  -6.7358829081e-02  -2.8985467553e-01  -8.4329544067e+01  1.6934604645e+01  1.0337074280e+02  1.3033586121e+02  
7.5662335661e+01   9.4863909483e-01  9.9002552032e-01  9.5636576414e-01  -1.2437621504e-01  2.7387998998e-02  2.8457766771e-01  1.3820049167e-01  -6.6181845963e-02  -2.9088550806e-01  -8.4621238708e+01  1.6988035202e+01  1.0309208679e+02  1.3051470947e+02  
7.6118140402e+01   9.4838368893e-01  9.9004817009e-01  9.5617318153e-01  -1.2463199347e-01  2.6411717758e-02  2.8541418910e-01  1.3822837174e-01  -6.5356940031e-02  -2.9160797596e-01  -8.4824691772e+01  1.7025760651e+01  1.0289778137e+02  1.3063951111e+02  
7.6592359654e+01   9.4811701775e-01  9.9007081985e-01  9.5597112179e-01  -1.2489904463e-01  2.5395080447e-02  2.8628522158e-01  1.3825656474e-01  -6.4498186111e-02  -2.9235991836e-01  -8.5035614014e+01  1.7065263748e+01  1.0269638824e+02  1.3077120972e+02  
7.7085737364e+01   9.4783854485e-01  9.9009341002e-01  9.5575898886e-01  -1.2517789006e-01  2.4336330593e-02  2.8719213605e-01  1.3828496635e-01  -6.3604116440e-02  -2.9314252734e-01  -8.5254257202e+01  1.7106634140e+01  1.0248767090e+02  1.3090234375e+02  
7.7521560547e+01   9.4759172201e-01  9.9011260271e-01  9.5556998253e-01  -1.2542505562e-01  2.3400107399e-02  2.8799387813e-01  1.3830922544e-01  -6.2813714147e-02  -2.9383409023e-01  -8.5446739197e+01  1.7143407822e+01  1.0230397034e+02  1.3101695251e+02  
7.8208530111e+01   9.4720107317e-01  9.9014133215e-01  9.5526909828e-01  -1.2581621110e-01  2.1922560409e-02  2.8925862908e-01  1.3834583759e-01  -6.1566639692e-02  -2.9492440820e-01  -8.5748863220e+01  1.7201799393e+01  1.0201569366e+02  1.3120027161e+02  
7.8653035847e+01   9.4694727659e-01  9.9015891552e-01  9.5507240295e-01  -1.2607030571e-01  2.0965242758e-02  2.9007759690e-01  1.3836841285e-01  -6.0758836567e-02  -2.9563003778e-01  -8.5943534851e+01  1.7239856720e+01  1.0182998657e+02  1.3132904053e+02  
7.9078087775e+01   9.4670385122e-01  9.9017500877e-01  9.5488297939e-01  -1.2631399930e-01  2.0048825070e-02  2.9086115956e-01  1.3838912547e-01  -5.9985667467e-02  -2.9630482197e-01  -8.6129104614e+01  1.7276445389e+01  1.0165299988e+02  1.3144660950e+02  
7.9520311801e+01   9.4644987583e-01  9.9019098282e-01  9.5468443632e-01  -1.2656825781e-01  1.9094366580e-02  2.9167678952e-01  1.3840976357e-01  -5.9180513024e-02  -2.9700687528e-01  -8.6321556091e+01  1.7314712524e+01  1.0146947479e+02  1.3157048035e+02  
8.0146528588e+01   9.4608896971e-01  9.9021226168e-01  9.5440071821e-01  -1.2692953646e-01  1.7740869895e-02  2.9283237457e-01  1.3843728602e-01  -5.8038882911e-02  -2.9800096154e-01  -8.6593032837e+01  1.7369247437e+01  1.0121063995e+02  1.3175767517e+02  
8.0561075470e+01   9.4584923983e-01  9.9022555351e-01  9.5421129465e-01  -1.2716947496e-01  1.6843590885e-02  2.9359772801e-01  1.3845436275e-01  -5.7282131165e-02  -2.9865893722e-01  -8.6772087097e+01  1.7405567169e+01  1.0103995514e+02  1.3186528015e+02  
8.1214508104e+01   9.4547009468e-01  9.9024516344e-01  9.5391005278e-01  -1.2754890323e-01  1.5427201055e-02  2.9480460286e-01  1.3847941160e-01  -5.6087657809e-02  -2.9969578981e-01  -8.7053230286e+01  1.7463165283e+01  1.0077199554e+02  1.3206312561e+02  
8.1603110050e+01   9.4524389505e-01  9.9025601149e-01  9.5372945070e-01  -1.2777525187e-01  1.4583543874e-02  2.9552263021e-01  1.3849316537e-01  -5.5376205593e-02  -3.0031228065e-01  -8.7219825745e+01  1.7497619629e+01  1.0061323547e+02  1.3216644287e+02  
8.2007411515e+01   9.4500797987e-01  9.9026668072e-01  9.5354032516e-01  -1.2801127136e-01  1.3704792596e-02  2.9626983404e-01  1.3850656152e-01  -5.4635167122e-02  -3.0095347762e-01  -8.7392669678e+01  1.7533618927e+01  1.0044853973e+02  1.3228410339e+02  
8.2611990534e+01   9.4465422630e-01  9.9028146267e-01  9.5325535536e-01  -1.2836523354e-01  1.2388742529e-02  2.9738748074e-01  1.3852478564e-01  -5.3525354713e-02  -3.0191189051e-01  -8.7650222778e+01  1.7587741852e+01  1.0020315552e+02  1.3246263123e+02  
8.3186190890e+01   9.4431704283e-01  9.9029421806e-01  9.5298218727e-01  -1.2870247662e-01  1.1136486195e-02  2.9844921827e-01  1.3853999972e-01  -5.2469287068e-02  -3.0282163620e-01  -8.7893852234e+01  1.7639463425e+01  9.9971069336e+01  1.3263032532e+02  
8.3588386337e+01   9.4408029318e-01  9.9030238390e-01  9.5278942585e-01  -1.2893933058e-01  1.0258027352e-02  2.9919305444e-01  1.3854946196e-01  -5.1728419960e-02  -3.0345854163e-01  -8.8063926697e+01  1.7675872803e+01  9.9809074402e+01  1.3275479126e+02  
8.4126649645e+01   9.4376254082e-01  9.9031233788e-01  9.5252960920e-01  -1.2925709784e-01  9.0805152431e-03  3.0018869042e-01  1.3856047392e-01  -5.0735253841e-02  -3.0431047082e-01  -8.8290824890e+01  1.7724832535e+01  9.9592971802e+01  1.3291035461e+02  
8.4503673186e+01   9.4353944063e-01  9.9031865597e-01  9.5234638453e-01  -1.2948019803e-01  8.2545336336e-03  3.0088618398e-01  1.3856710494e-01  -5.0038538873e-02  -3.0490687490e-01  -8.8449249268e+01  1.7759283066e+01  9.9442100525e+01  1.3302667236e+02  
8.5097959372e+01   9.4318681955e-01  9.9032741785e-01  9.5205545425e-01  -1.2983281910e-01  6.9506266154e-03  3.0198580027e-01  1.3857576251e-01  -4.8938654363e-02  -3.0584654212e-01  -8.8698127747e+01  1.7813852310e+01  8.0794891357e+01  1.3320332336e+02  
8.5514223826e+01   9.4293904305e-01  9.9033278227e-01  9.5185011625e-01  -1.3008052111e-01  6.0359402560e-03  3.0275624990e-01  1.3858057559e-01  -4.8167087138e-02  -3.0650442839e-01  -8.8871826172e+01  1.7852273941e+01  8.0960273743e+01  1.3332807922e+02  
8.6170363796e+01   9.4254732132e-01  9.9033975601e-01  9.5152372122e-01  -1.3047218323e-01  4.5919329859e-03  3.0397108197e-01  1.3858613372e-01  -4.6949051321e-02  -3.0754113197e-01  -8.9144577026e+01  1.7913173676e+01  8.1219909668e+01  1.3353294373e+02  
8.6560575818e+01   9.4231361151e-01  9.9034303427e-01  9.5132803917e-01  -1.3070583344e-01  3.7317983806e-03  3.0469384789e-01  1.3858824968e-01  -4.6223524958e-02  -3.0815747380e-01  -8.9306182861e+01  1.7949586868e+01  8.1373725891e+01  1.3365039062e+02  
8.7175650446e+01   9.4194412231e-01  9.9034702778e-01  9.5101726055e-01  -1.3107520342e-01  2.3740446195e-03  3.0583348870e-01  1.3858976960e-01  -4.5078288764e-02  -3.0912867188e-01  -8.9559989929e+01  1.8007276535e+01  8.1615264893e+01  1.3384033203e+02  
8.7606476049e+01   9.4168448448e-01  9.9034887552e-01  9.5079779625e-01  -1.3133476675e-01  1.4216359705e-03  3.0663210154e-01  1.3858959079e-01  -4.4275008142e-02  -3.0980879068e-01  -8.9737083435e+01  1.8047904968e+01  8.1783775330e+01  1.3397460938e+02  
8.8054707006e+01   9.4141358137e-01  9.9035000801e-01  9.5056796074e-01  -1.3160556555e-01  4.2958781705e-04  3.0746331811e-01  1.3858835399e-01  -4.3438367546e-02  -3.1051635742e-01  -8.9920730591e+01  1.8090368271e+01  8.1958480835e+01  1.3411479187e+02  
8.8521046494e+01   9.4113093615e-01  9.9035024643e-01  9.5032709837e-01  -1.3188813627e-01  -6.0375960311e-04  3.0832856894e-01  1.3858594000e-01  -4.2566999793e-02  -3.1125244498e-01  -8.9888862610e+01  1.8134761810e+01  8.2139587402e+01  1.3426271057e+02  
8.9006226097e+01   9.4083589315e-01  9.9034947157e-01  9.5007461309e-01  -1.3218304515e-01  -1.6801395686e-03  3.0922928452e-01  1.3858227432e-01  -4.1659474373e-02  -3.1201833487e-01  -8.9691482544e+01  1.8181179047e+01  8.2327285767e+01  1.3441783142e+02  
8.9511006956e+01   9.4052791595e-01  9.9034768343e-01  9.4980984926e-01  -1.3249091804e-01  -2.8013607953e-03  3.1016698480e-01  1.3857723773e-01  -4.0714312345e-02  -3.1281521916e-01  -8.9486907959e+01  1.8229728699e+01  8.2521781921e+01  1.3458064270e+02  
9.0036180962e+01   9.4020640850e-01  9.9034458399e-01  9.4953221083e-01  -1.3281235099e-01  -3.9693117142e-03  3.1114324927e-01  1.3857069612e-01  -3.9729956537e-02  -3.1364443898e-01  -8.9274932861e+01  1.8280515671e+01  8.2723266602e+01  1.3475123596e+02  
9.0540923315e+01   9.3989622593e-01  9.9034053087e-01  9.4926315546e-01  -1.3312241435e-01  -5.0932206213e-03  3.1208226085e-01  1.3856315613e-01  -3.8782924414e-02  -3.1444159150e-01  -8.9072021484e+01  1.8329595566e+01  8.2916084290e+01  1.3492457581e+02  
9.1023575602e+01   9.3959861994e-01  9.9033552408e-01  9.4900387526e-01  -1.3341993093e-01  -6.1692278832e-03  3.1298086047e-01  1.3855484128e-01  -3.7876449525e-02  -3.1520405412e-01  -8.8878738403e+01  1.8376777649e+01  8.3099708557e+01  1.3508045959e+02  
9.1525727042e+01   9.3928784132e-01  9.9032932520e-01  9.4873201847e-01  -1.3373057544e-01  -7.2899605148e-03  3.1391650438e-01  1.3854505122e-01  -3.6932524294e-02  -3.1599751115e-01  -8.8678436279e+01  1.8426120758e+01  8.3289955139e+01  1.3524497986e+02  
9.2048165401e+01   9.3896341324e-01  9.9032163620e-01  9.4844686985e-01  -1.3405494392e-01  -8.4573021159e-03  3.1489071250e-01  1.3853366673e-01  -3.5949598998e-02  -3.1682330370e-01  -8.8470909119e+01  1.8477739334e+01  8.3487007141e+01  1.3541946411e+02  
9.2591710269e+01   9.3862450123e-01  9.9031233788e-01  9.4814771414e-01  -1.3439375162e-01  -9.6732182428e-03  3.1590521336e-01  1.3852053881e-01  -3.4926075488e-02  -3.1768280268e-01  -8.8255920410e+01  1.8531745911e+01  8.3691070557e+01  1.3560467529e+02  
9.3157214349e+01   9.3827044964e-01  9.9030125141e-01  9.4783371687e-01  -1.3474769890e-01  -1.0939769447e-02  3.1696170568e-01  1.3850551844e-01  -3.3860269934e-02  -3.1857740879e-01  -8.8033264160e+01  1.8588264465e+01  8.3902351379e+01  1.3579650879e+02  
9.3745564794e+01   9.3790060282e-01  9.9028819799e-01  9.4750404358e-01  -1.3511751592e-01  -1.2259105220e-02  3.1806203723e-01  1.3848844171e-01  -3.2750435174e-02  -3.1950864196e-01  -8.7802719116e+01  1.8647428513e+01  8.4121047974e+01  1.3599456787e+02  
9.4048594400e+01   9.3770939112e-01  9.9028080702e-01  9.4733309746e-01  -1.3530863822e-01  -1.2939252891e-02  3.1862923503e-01  1.3847908378e-01  -3.2178450376e-02  -3.1998845935e-01  -8.7684410095e+01  1.8678041458e+01  8.4233238220e+01  1.3610624695e+02  
9.4625943341e+01   9.3734401464e-01  9.9026566744e-01  9.4700503349e-01  -1.3567399979e-01  -1.4236354269e-02  3.1971082091e-01  1.3846017420e-01  -3.1087934971e-02  -3.2090309262e-01  -8.7459831238e+01  1.8736642838e+01  8.4446151733e+01  1.3630212402e+02  
9.5176851164e+01   9.3699383736e-01  9.9024981260e-01  9.4668924809e-01  -1.3602413237e-01  -1.5475523658e-02  3.2074403763e-01  1.3844084740e-01  -3.0046522617e-02  -3.2177636027e-01  -8.7246536255e+01  1.8792894363e+01  8.4648284912e+01  1.3650100708e+02  
9.5750015663e+01   9.3662792444e-01  9.9023175240e-01  9.4635772705e-01  -1.3639000058e-01  -1.6766227782e-02  3.2182019949e-01  1.3841943443e-01  -2.8962226585e-02  -3.2268550992e-01  -8.7025672913e+01  1.8851762772e+01  8.4857513428e+01  1.3669354248e+02  
9.6045223754e+01   9.3643879890e-01  9.9022191763e-01  9.4618582726e-01  -1.3657908142e-01  -1.7431583256e-02  3.2237493992e-01  1.3840787113e-01  -2.8403446078e-02  -3.2315400243e-01  -8.6912338257e+01  1.8882219315e+01  8.4964851379e+01  1.3679702759e+02  
9.6653470506e+01   9.3604785204e-01  9.9020028114e-01  9.4582915306e-01  -1.3696999848e-01  -1.8803715706e-02  3.2351899147e-01  1.3838295639e-01  -2.7251470834e-02  -3.2411974669e-01  -8.6679725647e+01  1.8945264816e+01  8.5185081482e+01  1.3702120972e+02  
9.7238053698e+01   9.3567037582e-01  9.9017786980e-01  9.4548314810e-01  -1.3734745979e-01  -2.0124081522e-02  3.2461994886e-01  1.3835760951e-01  -2.6143444702e-02  -3.2504862547e-01  -8.6457283020e+01  1.9006231308e+01  8.5395591736e+01  1.3722628784e+02  
9.7563620902e+01   9.3545943499e-01  9.9016469717e-01  9.4528907537e-01  -1.3755843043e-01  -2.0860044286e-02  3.2523366809e-01  1.3834290206e-01  -2.5526052341e-02  -3.2556623220e-01  -8.6333892822e+01  1.9040342331e+01  8.5512321472e+01  1.3735110474e+02  
9.8183909735e+01   9.3505597115e-01  9.9013817310e-01  9.4491666555e-01  -1.3796184957e-01  -2.2263623774e-02  3.2640409470e-01  1.3831369579e-01  -2.4349017069e-02  -3.2655298710e-01  -8.6099739075e+01  1.9105648041e+01  8.5733764648e+01  1.3758090210e+02  
9.8828532800e+01   9.3463462591e-01  9.9010872841e-01  9.4452583790e-01  -1.3838317990e-01  -2.3724112660e-02  3.2762208581e-01  1.3828170300e-01  -2.3124838248e-02  -3.2757925987e-01  -8.5857727051e+01  1.9173948288e+01  8.5962539673e+01  1.3780683899e+02  
9.9133038227e+01   9.3443489075e-01  9.9009418488e-01  9.4433981180e-01  -1.3858294487e-01  -2.4414697662e-02  3.2819804549e-01  1.3826599717e-01  -2.2546196356e-02  -3.2806432247e-01  -8.5743865967e+01  1.9206363678e+01  8.6070129395e+01  1.3793167114e+02  
9.9814896062e+01   9.3398588896e-01  9.9005985260e-01  9.4392025471e-01  -1.3903196156e-01  -2.5962548330e-02  3.2948899269e-01  1.3822945952e-01  -2.1249733865e-02  -3.2915115356e-01  -8.5490005493e+01  1.9279306412e+01  8.6309936523e+01  1.3817996216e+02  
1.0000000000e+02   9.3386352062e-01  9.9005019665e-01  9.4380557537e-01  -1.3915430009e-01  -2.6383185759e-02  3.2983985543e-01  1.3821923733e-01  -2.0897541195e-02  -3.2944646478e-01  -8.5421333313e+01  1.9299198151e+01  8.6374778748e+01  1.3827281189e+02  
